SagI15 0.4503 1e-10 1 0.00100961
Macid 0.0583166 0.0508755 0.639884 0.00100961
SagK09 0.0419176 0.197433 0.179601 0.00100961
SagN19 0.0419176 0.197433 0.179601 0.00100961
DUSEL3 0.0419176 0.197433 0.179601 0.00100961
AR10 0.0419176 0.197433 0.179601 0.00100961
Nsali 0.310763 1e-10 0.00198796 0.00100961
Nj743 0.310763 1e-10 0.00198796 0.00100961
Hredi 0.310763 1e-10 0.00198796 0.00100961
SagF11 0.043142 0.137195 1 0.00100961
AR5 0.043142 0.137195 1 0.00100961
Pacid 0.195263 1e-10 0.237803 0.00100961
Nnst1 0.331111 0.452146 0.00849608 0.00100961
Nequi 0.331111 0.452146 0.00849608 0.00100961
DUSEL4 0.0400029 0.169043 0.10152 0.00100961
AR20 0.0400029 0.169043 0.10152 0.00100961
AR4 0.0400029 0.169043 0.10152 0.00100961
AR15 0.0400029 0.169043 0.10152 0.00100961
AR6 0.0380988 0.231826 0.0324478 0.00100961
SagD05 0.0380988 0.231826 0.0324478 0.00100961
AR1 0.0380988 0.231826 0.0324478 0.00100961
AR13 0.0380988 0.231826 0.0324478 0.00100961
Tkoda 0.0519338 0.347356 0.178083 0.00282531
Pfuri 0.0519338 0.347356 0.178083 0.00282531
Mtherm 0.0519338 0.347356 0.178083 0.00282531
Mkand 0.0519338 0.347356 0.178083 0.00282531
Mjann 0.0519338 0.347356 0.178083 0.00282531
Mpalu 0.171558 0.226705 0.0855578 0.00282531
Mmaze 0.171558 0.226705 0.0855578 0.00282531
Mhung 0.171558 0.226705 0.0855578 0.00282531
Hvolc 0.171558 0.226705 0.0855578 0.00282531
Hmari 0.171558 0.226705 0.0855578 0.00282531
Afulg 0.171558 0.226705 0.0855578 0.00282531
TplN05 0.139364 0.358621 0.160129 0.00282531
UnEury2 0.139364 0.358621 0.160129 0.00282531
Mlumi 0.139364 0.358621 0.160129 0.00282531
Thvol 0.139364 0.358621 0.160129 0.00282531
Aboon 0.139364 0.358621 0.160129 0.00282531
Lokiarch 0.472153 1e-10 0.0272816 0.00320677
Kcryp 0.0498274 1e-10 1 0.00320677
ThaumE09 0.0750289 0.221532 0.14077 0.00320677
SagE04 0.0750289 0.221532 0.14077 0.00320677
Ngarg 0.0750289 0.221532 0.14077 0.00320677
Sag023 0.0750289 0.221532 0.14077 0.00320677
Nmari 0.0750289 0.221532 0.14077 0.00320677
Csymb 0.0750289 0.221532 0.14077 0.00320677
SagF17 0.0750289 0.221532 0.14077 0.00320677
SagJ15 0.0750289 0.221532 0.14077 0.00320677
Csubt 0.0750289 0.221532 0.14077 0.00320677
CrenYNPFFA 0.0750289 0.221532 0.14077 0.00320677
Tpend 0.0750289 0.221532 0.14077 0.00320677
Paero 0.0750289 0.221532 0.14077 0.00320677
Cmaqu 0.0750289 0.221532 0.14077 0.00320677
Smari 0.0750289 0.221532 0.14077 0.00320677
Ihosp 0.0750289 0.221532 0.14077 0.00320677
Hbuty 0.0750289 0.221532 0.14077 0.00320677
Apern 0.0750289 0.221532 0.14077 0.00320677
Fervi 0.0750289 0.221532 0.14077 0.00320677
Iaggr 0.0750289 0.221532 0.14077 0.00320677
Ssolf 0.0750289 0.221532 0.14077 0.00320677
DPANN 1e-10 0.964863 1 0.00100961
AMD 1e-10 0.964863 1 0.00100961
Node_Macid_SagK09_0 1e-10 0.964863 1 0.00100961
Diapherotrites 0.0419176 0.197433 0.179601 0.00100961
Node_SagN19_DUSEL3_0 0.0419176 0.197433 0.179601 0.00100961
Node_DUSEL3_AR10_0 0.0419176 0.197433 0.179601 0.00100961
Cluster2 1e-10 0.964863 1 0.00100961
Node_Nsali_SagF11_0 1e-10 0.964863 1 0.00100961
Nanohaloarchaeota 0.310763 1e-10 0.00198796 0.00100961
Node_Nj743_Hredi_0 0.310763 1e-10 0.00198796 0.00100961
Aenigm 0.043142 0.137195 1 0.00100961
Node_Pacid_DUSEL4_0 1e-10 0.964863 1 0.00100961
Node_Pacid_Nnst1_0 1e-10 0.964863 1 0.00100961
Nanoarchaeota 0.331111 0.452146 0.00849608 0.00100961
Node_DUSEL4_AR6_0 1e-10 0.964863 1 0.00100961
Woesearchaeota 0.0400029 0.169043 0.10152 0.00100961
Node_DUSEL4_AR20_0 0.0400029 0.169043 0.10152 0.00100961
Node_AR4_AR15_0 0.0400029 0.169043 0.10152 0.00100961
Pacearchaeota 0.0380988 0.231826 0.0324478 0.00100961
Node_SagD05_AR1_0 0.0380988 0.231826 0.0324478 0.00100961
Node_AR1_AR13_0 0.0380988 0.231826 0.0324478 0.00100961
Node_Tkoda_Lokiarch_0 1e-10 0.801789 1 0.365555
Eury 0.0519338 0.347356 0.178083 0.00282531
Node_Tkoda_Pfuri_0 0.0519338 0.347356 0.178083 0.00282531
Node_Mtherm_Mpalu_0 0.0519338 0.347356 0.178083 0.00282531
Node_Mtherm_Mjann_0 0.0519338 0.347356 0.178083 0.00282531
Node_Mtherm_Mkand_0 0.0519338 0.347356 0.178083 0.00282531
HaloThermoplas 0.0519338 0.347356 0.178083 0.00282531
Halobacteriota 0.171558 0.226705 0.0855578 0.00282531
Node_Mpalu_Mhung_0 0.171558 0.226705 0.0855578 0.00282531
Node_Mpalu_Mmaze_0 0.171558 0.226705 0.0855578 0.00282531
Node_Mhung_Hvolc_0 0.171558 0.226705 0.0855578 0.00282531
Node_Hvolc_Hmari_0 0.171558 0.226705 0.0855578 0.00282531
Thermoplasmatota 0.139364 0.358621 0.160129 0.00282531
Node_UnEury2_Mlumi_0 0.139364 0.358621 0.160129 0.00282531
Node_Mlumi_Thvol_0 0.139364 0.358621 0.160129 0.00282531
Node_Thvol_Aboon_0 0.139364 0.358621 0.160129 0.00282531
TackA 1e-10 1 1 0.00320677
Node_Kcryp_ThaumE09_0 1e-10 1 1 0.00320677
TAC 0.0750289 0.221532 0.14077 0.00320677
Node_ThaumE09_SagE04_0 0.0750289 0.221532 0.14077 0.00320677
Node_SagE04_SagF17_0 0.0750289 0.221532 0.14077 0.00320677
Node_SagE04_Ngarg_0 0.0750289 0.221532 0.14077 0.00320677
Node_Ngarg_Sag023_0 0.0750289 0.221532 0.14077 0.00320677
Node_Sag023_Nmari_0 0.0750289 0.221532 0.14077 0.00320677
Node_Nmari_Csymb_0 0.0750289 0.221532 0.14077 0.00320677
Node_SagF17_SagJ15_0 0.0750289 0.221532 0.14077 0.00320677
Node_SagJ15_Csubt_0 0.0750289 0.221532 0.14077 0.00320677
Node_CrenYNPFFA_Smari_0 0.0750289 0.221532 0.14077 0.00320677
Node_CrenYNPFFA_Tpend_0 0.0750289 0.221532 0.14077 0.00320677
Node_Tpend_Paero_0 0.0750289 0.221532 0.14077 0.00320677
Node_Paero_Cmaqu_0 0.0750289 0.221532 0.14077 0.00320677
Node_Smari_Hbuty_0 0.0750289 0.221532 0.14077 0.00320677
Node_Smari_Ihosp_0 0.0750289 0.221532 0.14077 0.00320677
Node_Hbuty_Fervi_0 0.0750289 0.221532 0.14077 0.00320677
Node_Hbuty_Apern_0 0.0750289 0.221532 0.14077 0.00320677
Node_Fervi_Iaggr_0 0.0750289 0.221532 0.14077 0.00320677
Node_Iaggr_Ssolf_0 0.0750289 0.221532 0.14077 0.00320677
Node_SagI15_Tkoda_0 1e-10 0.801789 1 0.365555
