Nsali 0.307654 1e-10 0.00325738 0.00337133
Nj743 0.307654 1e-10 0.00325738 0.00337133
Hredi 0.307654 1e-10 0.00325738 0.00337133
SagF11 0.0476722 0.0848894 1 0.00337133
AR5 0.0476722 0.0848894 1 0.00337133
Pacid 0.20149 1e-10 0.406137 0.00337133
Nnst1 0.335719 0.498225 0.0375014 0.00337133
Nequi 0.335719 0.498225 0.0375014 0.00337133
DUSEL4 0.0425954 0.168949 0.125502 0.00337133
AR20 0.0425954 0.168949 0.125502 0.00337133
AR4 0.0425954 0.168949 0.125502 0.00337133
AR15 0.0425954 0.168949 0.125502 0.00337133
AR6 0.0412225 0.25877 0.0467245 0.00337133
SagD05 0.0412225 0.25877 0.0467245 0.00337133
AR1 0.0412225 0.25877 0.0467245 0.00337133
AR13 0.0412225 0.25877 0.0467245 0.00337133
SagI15 0.464751 1e-10 1 0.00337133
Macid 0.0622399 0.269456 0.6294 0.00337133
SagK09 0.0435053 0.206001 0.362579 0.00337133
SagN19 0.0435053 0.206001 0.362579 0.00337133
DUSEL3 0.0435053 0.206001 0.362579 0.00337133
AR10 0.0435053 0.206001 0.362579 0.00337133
Tkoda 0.051403 0.342981 0.21215 0.00576222
Pfuri 0.051403 0.342981 0.21215 0.00576222
Mtherm 0.051403 0.342981 0.21215 0.00576222
Mkand 0.051403 0.342981 0.21215 0.00576222
Mjann 0.051403 0.342981 0.21215 0.00576222
Mpalu 0.174519 0.22878 0.104036 0.00576222
Mmaze 0.174519 0.22878 0.104036 0.00576222
Mhung 0.174519 0.22878 0.104036 0.00576222
Hvolc 0.174519 0.22878 0.104036 0.00576222
Hmari 0.174519 0.22878 0.104036 0.00576222
Afulg 0.174519 0.22878 0.104036 0.00576222
TplN05 0.139338 0.355948 0.186401 0.00576222
UnEury2 0.139338 0.355948 0.186401 0.00576222
Mlumi 0.139338 0.355948 0.186401 0.00576222
Thvol 0.139338 0.355948 0.186401 0.00576222
Aboon 0.139338 0.355948 0.186401 0.00576222
Lokiarch 0.456954 1e-10 0.0286395 0.00596296
Kcryp 0.0540273 1e-10 1 0.00596296
ThaumE09 0.0762872 0.219638 0.156832 0.00596296
SagE04 0.0762872 0.219638 0.156832 0.00596296
Ngarg 0.0762872 0.219638 0.156832 0.00596296
Sag023 0.0762872 0.219638 0.156832 0.00596296
Nmari 0.0762872 0.219638 0.156832 0.00596296
Csymb 0.0762872 0.219638 0.156832 0.00596296
SagF17 0.0762872 0.219638 0.156832 0.00596296
SagJ15 0.0762872 0.219638 0.156832 0.00596296
Csubt 0.0762872 0.219638 0.156832 0.00596296
CrenYNPFFA 0.0762872 0.219638 0.156832 0.00596296
Tpend 0.0762872 0.219638 0.156832 0.00596296
Paero 0.0762872 0.219638 0.156832 0.00596296
Cmaqu 0.0762872 0.219638 0.156832 0.00596296
Smari 0.0762872 0.219638 0.156832 0.00596296
Ihosp 0.0762872 0.219638 0.156832 0.00596296
Hbuty 0.0762872 0.219638 0.156832 0.00596296
Apern 0.0762872 0.219638 0.156832 0.00596296
Fervi 0.0762872 0.219638 0.156832 0.00596296
Iaggr 0.0762872 0.219638 0.156832 0.00596296
Ssolf 0.0762872 0.219638 0.156832 0.00596296
Cluster2 1e-10 0.101682 0.11777 0.00337133
Node_Nsali_SagF11_0 1e-10 0.101682 0.11777 0.00337133
Nanohaloarchaeota 0.307654 1e-10 0.00325738 0.00337133
Node_Nj743_Hredi_0 0.307654 1e-10 0.00325738 0.00337133
Aenigm 0.0476722 0.0848894 1 0.00337133
Node_Pacid_DUSEL4_0 1e-10 0.101682 0.11777 0.00337133
Node_Pacid_Nnst1_0 1e-10 0.101682 0.11777 0.00337133
Nanoarchaeota 0.335719 0.498225 0.0375014 0.00337133
Node_DUSEL4_AR6_0 1e-10 0.101682 0.11777 0.00337133
Woesearchaeota 0.0425954 0.168949 0.125502 0.00337133
Node_DUSEL4_AR20_0 0.0425954 0.168949 0.125502 0.00337133
Node_AR4_AR15_0 0.0425954 0.168949 0.125502 0.00337133
Pacearchaeota 0.0412225 0.25877 0.0467245 0.00337133
Node_SagD05_AR1_0 0.0412225 0.25877 0.0467245 0.00337133
Node_AR1_AR13_0 0.0412225 0.25877 0.0467245 0.00337133
Node_SagI15_Tkoda_0 1e-10 0.101682 0.11777 0.00337133
AMD 1e-10 0.101682 0.11777 0.00337133
Node_Macid_SagK09_0 1e-10 0.101682 0.11777 0.00337133
Diapherotrites 0.0435053 0.206001 0.362579 0.00337133
Node_SagN19_DUSEL3_0 0.0435053 0.206001 0.362579 0.00337133
Node_DUSEL3_AR10_0 0.0435053 0.206001 0.362579 0.00337133
DPANN 1e-10 0.223595 1 0.416625
Eury 0.051403 0.342981 0.21215 0.00576222
Node_Tkoda_Pfuri_0 0.051403 0.342981 0.21215 0.00576222
Node_Mtherm_Mpalu_0 0.051403 0.342981 0.21215 0.00576222
Node_Mtherm_Mjann_0 0.051403 0.342981 0.21215 0.00576222
Node_Mtherm_Mkand_0 0.051403 0.342981 0.21215 0.00576222
HaloThermoplas 0.051403 0.342981 0.21215 0.00576222
Halobacteriota 0.174519 0.22878 0.104036 0.00576222
Node_Mpalu_Mhung_0 0.174519 0.22878 0.104036 0.00576222
Node_Mpalu_Mmaze_0 0.174519 0.22878 0.104036 0.00576222
Node_Mhung_Hvolc_0 0.174519 0.22878 0.104036 0.00576222
Node_Hvolc_Hmari_0 0.174519 0.22878 0.104036 0.00576222
Thermoplasmatota 0.139338 0.355948 0.186401 0.00576222
Node_UnEury2_Mlumi_0 0.139338 0.355948 0.186401 0.00576222
Node_Mlumi_Thvol_0 0.139338 0.355948 0.186401 0.00576222
Node_Thvol_Aboon_0 0.139338 0.355948 0.186401 0.00576222
TackA 1e-10 1 1 0.00596296
Node_Kcryp_ThaumE09_0 1e-10 1 1 0.00596296
TAC 0.0762872 0.219638 0.156832 0.00596296
Node_ThaumE09_SagE04_0 0.0762872 0.219638 0.156832 0.00596296
Node_SagE04_SagF17_0 0.0762872 0.219638 0.156832 0.00596296
Node_SagE04_Ngarg_0 0.0762872 0.219638 0.156832 0.00596296
Node_Ngarg_Sag023_0 0.0762872 0.219638 0.156832 0.00596296
Node_Sag023_Nmari_0 0.0762872 0.219638 0.156832 0.00596296
Node_Nmari_Csymb_0 0.0762872 0.219638 0.156832 0.00596296
Node_SagF17_SagJ15_0 0.0762872 0.219638 0.156832 0.00596296
Node_SagJ15_Csubt_0 0.0762872 0.219638 0.156832 0.00596296
Node_CrenYNPFFA_Smari_0 0.0762872 0.219638 0.156832 0.00596296
Node_CrenYNPFFA_Tpend_0 0.0762872 0.219638 0.156832 0.00596296
Node_Tpend_Paero_0 0.0762872 0.219638 0.156832 0.00596296
Node_Paero_Cmaqu_0 0.0762872 0.219638 0.156832 0.00596296
Node_Smari_Hbuty_0 0.0762872 0.219638 0.156832 0.00596296
Node_Smari_Ihosp_0 0.0762872 0.219638 0.156832 0.00596296
Node_Hbuty_Fervi_0 0.0762872 0.219638 0.156832 0.00596296
Node_Hbuty_Apern_0 0.0762872 0.219638 0.156832 0.00596296
Node_Fervi_Iaggr_0 0.0762872 0.219638 0.156832 0.00596296
Node_Iaggr_Ssolf_0 0.0762872 0.219638 0.156832 0.00596296
Node_Nsali_SagI15_0 1e-10 0.101682 0.11777 0.00337133
