SagI15 0.47181 1e-10 1 0.00340125
Macid 0.0609004 0.139893 0.59758 0.00340125
SagK09 0.0460057 0.196759 0.338618 0.00340125
SagN19 0.0460057 0.196759 0.338618 0.00340125
DUSEL3 0.0460057 0.196759 0.338618 0.00340125
AR10 0.0460057 0.196759 0.338618 0.00340125
Lokiarch 0.492635 1e-10 0.0346667 0.00613888
Kcryp 0.051441 1e-10 1 0.00613888
ThaumE09 0.0769641 0.218879 0.158482 0.00613888
SagE04 0.0769641 0.218879 0.158482 0.00613888
Ngarg 0.0769641 0.218879 0.158482 0.00613888
Sag023 0.0769641 0.218879 0.158482 0.00613888
Nmari 0.0769641 0.218879 0.158482 0.00613888
Csymb 0.0769641 0.218879 0.158482 0.00613888
SagF17 0.0769641 0.218879 0.158482 0.00613888
SagJ15 0.0769641 0.218879 0.158482 0.00613888
Csubt 0.0769641 0.218879 0.158482 0.00613888
CrenYNPFFA 0.0769641 0.218879 0.158482 0.00613888
Tpend 0.0769641 0.218879 0.158482 0.00613888
Paero 0.0769641 0.218879 0.158482 0.00613888
Cmaqu 0.0769641 0.218879 0.158482 0.00613888
Smari 0.0769641 0.218879 0.158482 0.00613888
Ihosp 0.0769641 0.218879 0.158482 0.00613888
Ssolf 0.0769641 0.218879 0.158482 0.00613888
Iaggr 0.0769641 0.218879 0.158482 0.00613888
Fervi 0.0769641 0.218879 0.158482 0.00613888
Hbuty 0.0769641 0.218879 0.158482 0.00613888
Apern 0.0769641 0.218879 0.158482 0.00613888
Tkoda 0.0518718 0.352597 0.211314 0.00601558
Pfuri 0.0518718 0.352597 0.211314 0.00601558
Mtherm 0.0518718 0.352597 0.211314 0.00601558
Mkand 0.0518718 0.352597 0.211314 0.00601558
Mjann 0.0518718 0.352597 0.211314 0.00601558
Mpalu 0.172911 0.227457 0.10274 0.00601558
Mmaze 0.172911 0.227457 0.10274 0.00601558
Mhung 0.172911 0.227457 0.10274 0.00601558
Hvolc 0.172911 0.227457 0.10274 0.00601558
Hmari 0.172911 0.227457 0.10274 0.00601558
Afulg 0.172911 0.227457 0.10274 0.00601558
TplN05 0.137083 0.355416 0.197909 0.00601558
UnEury2 0.137083 0.355416 0.197909 0.00601558
Mlumi 0.137083 0.355416 0.197909 0.00601558
Thvol 0.137083 0.355416 0.197909 0.00601558
Aboon 0.137083 0.355416 0.197909 0.00601558
Nsali 0.309117 1e-10 0.00399127 0.00340125
Nj743 0.309117 1e-10 0.00399127 0.00340125
Hredi 0.309117 1e-10 0.00399127 0.00340125
SagF11 0.0425584 0.1057 0.999184 0.00340125
AR5 0.0425584 0.1057 0.999184 0.00340125
Pacid 0.202462 1e-10 0.38261 0.00340125
Nnst1 0.333015 0.479622 0.0282378 0.00340125
Nequi 0.333015 0.479622 0.0282378 0.00340125
DUSEL4 0.0436434 0.17408 0.135503 0.00340125
AR20 0.0436434 0.17408 0.135503 0.00340125
AR4 0.0436434 0.17408 0.135503 0.00340125
AR15 0.0436434 0.17408 0.135503 0.00340125
AR6 0.0386523 0.240566 0.0469419 0.00340125
SagD05 0.0386523 0.240566 0.0469419 0.00340125
AR1 0.0386523 0.240566 0.0469419 0.00340125
AR13 0.0386523 0.240566 0.0469419 0.00340125
AMD 1e-10 0.173688 0.199505 0.00340125
Node_Macid_SagK09_0 1e-10 0.173688 0.199505 0.00340125
Diapherotrites 0.0460057 0.196759 0.338618 0.00340125
Node_SagN19_DUSEL3_0 0.0460057 0.196759 0.338618 0.00340125
Node_DUSEL3_AR10_0 0.0460057 0.196759 0.338618 0.00340125
Node_Lokiarch_Nsali_0 1e-10 0.173688 0.199505 0.00340125
DPANN 1e-10 0.145461 1 0.39989
TackA 1e-10 1 1 0.00613888
Node_Kcryp_ThaumE09_0 1e-10 1 1 0.00613888
TAC 0.0769641 0.218879 0.158482 0.00613888
Node_ThaumE09_SagE04_0 0.0769641 0.218879 0.158482 0.00613888
Node_SagE04_SagF17_0 0.0769641 0.218879 0.158482 0.00613888
Node_SagE04_Ngarg_0 0.0769641 0.218879 0.158482 0.00613888
Node_Ngarg_Sag023_0 0.0769641 0.218879 0.158482 0.00613888
Node_Sag023_Nmari_0 0.0769641 0.218879 0.158482 0.00613888
Node_Nmari_Csymb_0 0.0769641 0.218879 0.158482 0.00613888
Node_SagF17_SagJ15_0 0.0769641 0.218879 0.158482 0.00613888
Node_SagJ15_Csubt_0 0.0769641 0.218879 0.158482 0.00613888
Node_CrenYNPFFA_Smari_0 0.0769641 0.218879 0.158482 0.00613888
Node_CrenYNPFFA_Tpend_0 0.0769641 0.218879 0.158482 0.00613888
Node_Tpend_Paero_0 0.0769641 0.218879 0.158482 0.00613888
Node_Paero_Cmaqu_0 0.0769641 0.218879 0.158482 0.00613888
Node_Smari_Ssolf_0 0.0769641 0.218879 0.158482 0.00613888
Node_Smari_Ihosp_0 0.0769641 0.218879 0.158482 0.00613888
Node_Ssolf_Hbuty_0 0.0769641 0.218879 0.158482 0.00613888
Node_Ssolf_Fervi_0 0.0769641 0.218879 0.158482 0.00613888
Node_Ssolf_Iaggr_0 0.0769641 0.218879 0.158482 0.00613888
Node_Hbuty_Apern_0 0.0769641 0.218879 0.158482 0.00613888
Eury 0.0518718 0.352597 0.211314 0.00601558
Node_Tkoda_Pfuri_0 0.0518718 0.352597 0.211314 0.00601558
Node_Mtherm_Mpalu_0 0.0518718 0.352597 0.211314 0.00601558
Node_Mtherm_Mjann_0 0.0518718 0.352597 0.211314 0.00601558
Node_Mtherm_Mkand_0 0.0518718 0.352597 0.211314 0.00601558
HaloThermoplas 0.0518718 0.352597 0.211314 0.00601558
Halobacteriota 0.172911 0.227457 0.10274 0.00601558
Node_Mpalu_Mhung_0 0.172911 0.227457 0.10274 0.00601558
Node_Mpalu_Mmaze_0 0.172911 0.227457 0.10274 0.00601558
Node_Mhung_Hvolc_0 0.172911 0.227457 0.10274 0.00601558
Node_Hvolc_Hmari_0 0.172911 0.227457 0.10274 0.00601558
Thermoplasmatota 0.137083 0.355416 0.197909 0.00601558
Node_UnEury2_Mlumi_0 0.137083 0.355416 0.197909 0.00601558
Node_Mlumi_Thvol_0 0.137083 0.355416 0.197909 0.00601558
Node_Thvol_Aboon_0 0.137083 0.355416 0.197909 0.00601558
Cluster2 1e-10 0.173688 0.199505 0.00340125
Node_Nsali_SagF11_0 1e-10 0.173688 0.199505 0.00340125
Nanohaloarchaeota 0.309117 1e-10 0.00399127 0.00340125
Node_Nj743_Hredi_0 0.309117 1e-10 0.00399127 0.00340125
Aenigm 0.0425584 0.1057 0.999184 0.00340125
Node_Pacid_DUSEL4_0 1e-10 0.173688 0.199505 0.00340125
Node_Pacid_Nnst1_0 1e-10 0.173688 0.199505 0.00340125
Nanoarchaeota 0.333015 0.479622 0.0282378 0.00340125
Node_DUSEL4_AR6_0 1e-10 0.173688 0.199505 0.00340125
Woesearchaeota 0.0436434 0.17408 0.135503 0.00340125
Node_DUSEL4_AR20_0 0.0436434 0.17408 0.135503 0.00340125
Node_AR4_AR15_0 0.0436434 0.17408 0.135503 0.00340125
Pacearchaeota 0.0386523 0.240566 0.0469419 0.00340125
Node_SagD05_AR1_0 0.0386523 0.240566 0.0469419 0.00340125
Node_AR1_AR13_0 0.0386523 0.240566 0.0469419 0.00340125
Node_SagI15_Lokiarch_0 1e-10 0.173688 0.199505 0.00340125
