Mpalu 0.174035 0.169226 0.12108 0.00817607
Mmaze 0.174035 0.169226 0.12108 0.00817607
Mhung 0.174035 0.169226 0.12108 0.00817607
Hvolc 0.174035 0.169226 0.12108 0.00817607
Hmari 0.174035 0.169226 0.12108 0.00817607
Afulg 0.174035 0.169226 0.12108 0.00817607
TplN05 0.144042 0.25658 0.237102 0.00817607
UnEury2 0.144042 0.25658 0.237102 0.00817607
Mlumi 0.144042 0.25658 0.237102 0.00817607
Thvol 0.144042 0.25658 0.237102 0.00817607
Aboon 0.144042 0.25658 0.237102 0.00817607
Mtherm 0.0509948 0.072277 0.204629 0.00817607
Mkand 0.0509948 0.072277 0.204629 0.00817607
Mjann 0.0509948 0.072277 0.204629 0.00817607
Tkoda 0.0509948 0.072277 0.204629 0.00817607
Pfuri 0.0509948 0.072277 0.204629 0.00817607
Lokiarch 0.474937 1.56117e-05 0.010575 0.00461018
Kcryp 0.0512114 1e-10 1 0.00461018
ThaumE09 0.0753285 0.227087 0.146606 0.00461018
SagE04 0.0753285 0.227087 0.146606 0.00461018
Ngarg 0.0753285 0.227087 0.146606 0.00461018
Sag023 0.0753285 0.227087 0.146606 0.00461018
Nmari 0.0753285 0.227087 0.146606 0.00461018
Csymb 0.0753285 0.227087 0.146606 0.00461018
SagF17 0.0753285 0.227087 0.146606 0.00461018
SagJ15 0.0753285 0.227087 0.146606 0.00461018
Csubt 0.0753285 0.227087 0.146606 0.00461018
CrenYNPFFA 0.0753285 0.227087 0.146606 0.00461018
Tpend 0.0753285 0.227087 0.146606 0.00461018
Paero 0.0753285 0.227087 0.146606 0.00461018
Cmaqu 0.0753285 0.227087 0.146606 0.00461018
Smari 0.0753285 0.227087 0.146606 0.00461018
Ihosp 0.0753285 0.227087 0.146606 0.00461018
Ssolf 0.0753285 0.227087 0.146606 0.00461018
Iaggr 0.0753285 0.227087 0.146606 0.00461018
Fervi 0.0753285 0.227087 0.146606 0.00461018
Hbuty 0.0753285 0.227087 0.146606 0.00461018
Apern 0.0753285 0.227087 0.146606 0.00461018
SagI15 0.386613 1e-10 1 0.00201799
Macid 0.0572491 0.0535567 0.612308 0.00201799
SagK09 0.0423352 0.208981 0.289485 0.00201799
SagN19 0.0423352 0.208981 0.289485 0.00201799
DUSEL3 0.0423352 0.208981 0.289485 0.00201799
AR10 0.0423352 0.208981 0.289485 0.00201799
Nsali 0.310141 1e-10 0.00313936 0.00201799
Nj743 0.310141 1e-10 0.00313936 0.00201799
Hredi 0.310141 1e-10 0.00313936 0.00201799
SagF11 0.0487993 0.0968251 0.991956 0.00201799
AR5 0.0487993 0.0968251 0.991956 0.00201799
Pacid 0.185057 1e-10 0.338467 0.00201799
Nnst1 0.336669 0.486087 0.00503723 0.00201799
Nequi 0.336669 0.486087 0.00503723 0.00201799
DUSEL4 0.0429265 0.176062 0.0899051 0.00201799
AR20 0.0429265 0.176062 0.0899051 0.00201799
AR4 0.0429265 0.176062 0.0899051 0.00201799
AR15 0.0429265 0.176062 0.0899051 0.00201799
AR6 0.0403669 0.244558 0.0307146 0.00201799
SagD05 0.0403669 0.244558 0.0307146 0.00201799
AR1 0.0403669 0.244558 0.0307146 0.00201799
AR13 0.0403669 0.244558 0.0307146 0.00201799
HaloThermoplas 0.0509948 0.072277 0.204629 0.00817607
Halobacteriota 0.174035 0.169226 0.12108 0.00817607
Node_Mpalu_Mhung_0 0.174035 0.169226 0.12108 0.00817607
Node_Mpalu_Mmaze_0 0.174035 0.169226 0.12108 0.00817607
Node_Mhung_Hvolc_0 0.174035 0.169226 0.12108 0.00817607
Node_Hvolc_Hmari_0 0.174035 0.169226 0.12108 0.00817607
Thermoplasmatota 0.144042 0.25658 0.237102 0.00817607
Node_UnEury2_Mlumi_0 0.144042 0.25658 0.237102 0.00817607
Node_Mlumi_Thvol_0 0.144042 0.25658 0.237102 0.00817607
Node_Thvol_Aboon_0 0.144042 0.25658 0.237102 0.00817607
Node_Mtherm_Tkoda_0 0.0509948 0.072277 0.204629 0.00817607
Node_Mtherm_Mjann_0 0.0509948 0.072277 0.204629 0.00817607
Node_Mtherm_Mkand_0 0.0509948 0.072277 0.204629 0.00817607
Node_Tkoda_Lokiarch_0 0.0509948 0.072277 0.204629 0.00817607
Node_Tkoda_Pfuri_0 0.0509948 0.072277 0.204629 0.00817607
Eury 1e-10 0.451501 0.539725 0.453354
TackA 1e-10 1 1 0.00461018
Node_Kcryp_ThaumE09_0 1e-10 1 1 0.00461018
TAC 0.0753285 0.227087 0.146606 0.00461018
Node_ThaumE09_SagE04_0 0.0753285 0.227087 0.146606 0.00461018
Node_SagE04_SagF17_0 0.0753285 0.227087 0.146606 0.00461018
Node_SagE04_Ngarg_0 0.0753285 0.227087 0.146606 0.00461018
Node_Ngarg_Sag023_0 0.0753285 0.227087 0.146606 0.00461018
Node_Sag023_Nmari_0 0.0753285 0.227087 0.146606 0.00461018
Node_Nmari_Csymb_0 0.0753285 0.227087 0.146606 0.00461018
Node_SagF17_SagJ15_0 0.0753285 0.227087 0.146606 0.00461018
Node_SagJ15_Csubt_0 0.0753285 0.227087 0.146606 0.00461018
Node_CrenYNPFFA_Smari_0 0.0753285 0.227087 0.146606 0.00461018
Node_CrenYNPFFA_Tpend_0 0.0753285 0.227087 0.146606 0.00461018
Node_Tpend_Paero_0 0.0753285 0.227087 0.146606 0.00461018
Node_Paero_Cmaqu_0 0.0753285 0.227087 0.146606 0.00461018
Node_Smari_Ssolf_0 0.0753285 0.227087 0.146606 0.00461018
Node_Smari_Ihosp_0 0.0753285 0.227087 0.146606 0.00461018
Node_Ssolf_Hbuty_0 0.0753285 0.227087 0.146606 0.00461018
Node_Ssolf_Fervi_0 0.0753285 0.227087 0.146606 0.00461018
Node_Ssolf_Iaggr_0 0.0753285 0.227087 0.146606 0.00461018
Node_Hbuty_Apern_0 0.0753285 0.227087 0.146606 0.00461018
DPANN 1e-10 1 1 0.00201799
AMD 1e-10 1 1 0.00201799
Node_Macid_SagK09_0 1e-10 1 1 0.00201799
Diapherotrites 0.0423352 0.208981 0.289485 0.00201799
Node_SagN19_DUSEL3_0 0.0423352 0.208981 0.289485 0.00201799
Node_DUSEL3_AR10_0 0.0423352 0.208981 0.289485 0.00201799
Cluster2 1e-10 1 1 0.00201799
Node_Nsali_SagF11_0 1e-10 1 1 0.00201799
Nanohaloarchaeota 0.310141 1e-10 0.00313936 0.00201799
Node_Nj743_Hredi_0 0.310141 1e-10 0.00313936 0.00201799
Aenigm 0.0487993 0.0968251 0.991956 0.00201799
Node_Pacid_DUSEL4_0 1e-10 1 1 0.00201799
Node_Pacid_Nnst1_0 1e-10 1 1 0.00201799
Nanoarchaeota 0.336669 0.486087 0.00503723 0.00201799
Node_DUSEL4_AR6_0 1e-10 1 1 0.00201799
Woesearchaeota 0.0429265 0.176062 0.0899051 0.00201799
Node_DUSEL4_AR20_0 0.0429265 0.176062 0.0899051 0.00201799
Node_AR4_AR15_0 0.0429265 0.176062 0.0899051 0.00201799
Pacearchaeota 0.0403669 0.244558 0.0307146 0.00201799
Node_SagD05_AR1_0 0.0403669 0.244558 0.0307146 0.00201799
Node_AR1_AR13_0 0.0403669 0.244558 0.0307146 0.00201799
Node_Mpalu_Mtherm_0 0.0509948 0.072277 0.204629 0.00817607
