Kcryp 0.0575297 1e-10 1 0.00761788
ThaumE09 0.0764064 0.211609 0.172758 0.00761788
SagE04 0.0764064 0.211609 0.172758 0.00761788
Ngarg 0.0764064 0.211609 0.172758 0.00761788
Sag023 0.0764064 0.211609 0.172758 0.00761788
Nmari 0.0764064 0.211609 0.172758 0.00761788
Csymb 0.0764064 0.211609 0.172758 0.00761788
SagF17 0.0764064 0.211609 0.172758 0.00761788
SagJ15 0.0764064 0.211609 0.172758 0.00761788
Csubt 0.0764064 0.211609 0.172758 0.00761788
CrenYNPFFA 0.0764064 0.211609 0.172758 0.00761788
Tpend 0.0764064 0.211609 0.172758 0.00761788
Paero 0.0764064 0.211609 0.172758 0.00761788
Cmaqu 0.0764064 0.211609 0.172758 0.00761788
Smari 0.0764064 0.211609 0.172758 0.00761788
Ihosp 0.0764064 0.211609 0.172758 0.00761788
Ssolf 0.0764064 0.211609 0.172758 0.00761788
Iaggr 0.0764064 0.211609 0.172758 0.00761788
Fervi 0.0764064 0.211609 0.172758 0.00761788
Hbuty 0.0764064 0.211609 0.172758 0.00761788
Apern 0.0764064 0.211609 0.172758 0.00761788
Lokiarch 0.472468 1e-10 0.0260996 0.00761788
Tkoda 0.0514955 0.379498 0.164518 0.00409082
Pfuri 0.0514955 0.379498 0.164518 0.00409082
Mtherm 0.0514955 0.379498 0.164518 0.00409082
Mkand 0.0514955 0.379498 0.164518 0.00409082
Mjann 0.0514955 0.379498 0.164518 0.00409082
Mpalu 0.170817 0.228516 0.0919051 0.00409082
Mmaze 0.170817 0.228516 0.0919051 0.00409082
Mhung 0.170817 0.228516 0.0919051 0.00409082
Hvolc 0.170817 0.228516 0.0919051 0.00409082
Hmari 0.170817 0.228516 0.0919051 0.00409082
Afulg 0.170817 0.228516 0.0919051 0.00409082
TplN05 0.139973 0.361293 0.156292 0.00409082
UnEury2 0.139973 0.361293 0.156292 0.00409082
Mlumi 0.139973 0.361293 0.156292 0.00409082
Thvol 0.139973 0.361293 0.156292 0.00409082
Aboon 0.139973 0.361293 0.156292 0.00409082
SagI15 0.437041 1e-10 1 0.00205667
Macid 0.0606944 0.101698 0.661467 0.00205667
SagK09 0.0433495 0.206528 0.186724 0.00205667
SagN19 0.0433495 0.206528 0.186724 0.00205667
DUSEL3 0.0433495 0.206528 0.186724 0.00205667
AR10 0.0433495 0.206528 0.186724 0.00205667
Nsali 0.310885 0.000649472 0.00275204 0.00205667
Nj743 0.310885 0.000649472 0.00275204 0.00205667
Hredi 0.310885 0.000649472 0.00275204 0.00205667
SagF11 0.0474356 0.198788 0.998508 0.00205667
AR5 0.0474356 0.198788 0.998508 0.00205667
Pacid 0.211805 1e-10 0.274791 0.00205667
Nnst1 0.335908 0.457681 0.00938823 0.00205667
Nequi 0.335908 0.457681 0.00938823 0.00205667
DUSEL4 0.0421211 0.172065 0.113612 0.00205667
AR20 0.0421211 0.172065 0.113612 0.00205667
AR4 0.0421211 0.172065 0.113612 0.00205667
AR15 0.0421211 0.172065 0.113612 0.00205667
AR6 0.0396104 0.235387 0.0378599 0.00205667
SagD05 0.0396104 0.235387 0.0378599 0.00205667
AR1 0.0396104 0.235387 0.0378599 0.00205667
AR13 0.0396104 0.235387 0.0378599 0.00205667
Node_ThaumE09_Lokiarch_0 0.0437874 1e-10 0.852579 0.00761788
TAC 0.0764064 0.211609 0.172758 0.00761788
Node_ThaumE09_SagE04_0 0.0764064 0.211609 0.172758 0.00761788
Node_SagE04_SagF17_0 0.0764064 0.211609 0.172758 0.00761788
Node_SagE04_Ngarg_0 0.0764064 0.211609 0.172758 0.00761788
Node_Ngarg_Sag023_0 0.0764064 0.211609 0.172758 0.00761788
Node_Sag023_Nmari_0 0.0764064 0.211609 0.172758 0.00761788
Node_Nmari_Csymb_0 0.0764064 0.211609 0.172758 0.00761788
Node_SagF17_SagJ15_0 0.0764064 0.211609 0.172758 0.00761788
Node_SagJ15_Csubt_0 0.0764064 0.211609 0.172758 0.00761788
Node_CrenYNPFFA_Smari_0 0.0764064 0.211609 0.172758 0.00761788
Node_CrenYNPFFA_Tpend_0 0.0764064 0.211609 0.172758 0.00761788
Node_Tpend_Paero_0 0.0764064 0.211609 0.172758 0.00761788
Node_Paero_Cmaqu_0 0.0764064 0.211609 0.172758 0.00761788
Node_Smari_Ssolf_0 0.0764064 0.211609 0.172758 0.00761788
Node_Smari_Ihosp_0 0.0764064 0.211609 0.172758 0.00761788
Node_Ssolf_Hbuty_0 0.0764064 0.211609 0.172758 0.00761788
Node_Ssolf_Fervi_0 0.0764064 0.211609 0.172758 0.00761788
Node_Ssolf_Iaggr_0 0.0764064 0.211609 0.172758 0.00761788
Node_Hbuty_Apern_0 0.0764064 0.211609 0.172758 0.00761788
Node_Lokiarch_Tkoda_0 0.0437874 1e-10 0.852579 0.00761788
TackA 1e-10 0.486114 1 0.449561
Eury 0.0514955 0.379498 0.164518 0.00409082
Node_Tkoda_Pfuri_0 0.0514955 0.379498 0.164518 0.00409082
Node_Mtherm_Mpalu_0 0.0514955 0.379498 0.164518 0.00409082
Node_Mtherm_Mjann_0 0.0514955 0.379498 0.164518 0.00409082
Node_Mtherm_Mkand_0 0.0514955 0.379498 0.164518 0.00409082
HaloThermoplas 0.0514955 0.379498 0.164518 0.00409082
Halobacteriota 0.170817 0.228516 0.0919051 0.00409082
Node_Mpalu_Mhung_0 0.170817 0.228516 0.0919051 0.00409082
Node_Mpalu_Mmaze_0 0.170817 0.228516 0.0919051 0.00409082
Node_Mhung_Hvolc_0 0.170817 0.228516 0.0919051 0.00409082
Node_Hvolc_Hmari_0 0.170817 0.228516 0.0919051 0.00409082
Thermoplasmatota 0.139973 0.361293 0.156292 0.00409082
Node_UnEury2_Mlumi_0 0.139973 0.361293 0.156292 0.00409082
Node_Mlumi_Thvol_0 0.139973 0.361293 0.156292 0.00409082
Node_Thvol_Aboon_0 0.139973 0.361293 0.156292 0.00409082
DPANN 1e-10 1 1 0.00205667
AMD 1e-10 1 1 0.00205667
Node_Macid_SagK09_0 1e-10 1 1 0.00205667
Diapherotrites 0.0433495 0.206528 0.186724 0.00205667
Node_SagN19_DUSEL3_0 0.0433495 0.206528 0.186724 0.00205667
Node_DUSEL3_AR10_0 0.0433495 0.206528 0.186724 0.00205667
Cluster2 1e-10 1 1 0.00205667
Node_Nsali_SagF11_0 1e-10 1 1 0.00205667
Nanohaloarchaeota 0.310885 0.000649472 0.00275204 0.00205667
Node_Nj743_Hredi_0 0.310885 0.000649472 0.00275204 0.00205667
Aenigm 0.0474356 0.198788 0.998508 0.00205667
Node_Pacid_DUSEL4_0 1e-10 1 1 0.00205667
Node_Pacid_Nnst1_0 1e-10 1 1 0.00205667
Nanoarchaeota 0.335908 0.457681 0.00938823 0.00205667
Node_DUSEL4_AR6_0 1e-10 1 1 0.00205667
Woesearchaeota 0.0421211 0.172065 0.113612 0.00205667
Node_DUSEL4_AR20_0 0.0421211 0.172065 0.113612 0.00205667
Node_AR4_AR15_0 0.0421211 0.172065 0.113612 0.00205667
Pacearchaeota 0.0396104 0.235387 0.0378599 0.00205667
Node_SagD05_AR1_0 0.0396104 0.235387 0.0378599 0.00205667
Node_AR1_AR13_0 0.0396104 0.235387 0.0378599 0.00205667
Node_Kcryp_ThaumE09_0 0.0437874 1e-10 0.852579 0.00761788
