Lokiarch 0.464423 1e-10 0.0252819 0.00388
Kcryp 0.0504064 1e-10 0.968234 0.00388
ThaumE09 0.0772246 0.222673 0.142421 0.00388
SagE04 0.0772246 0.222673 0.142421 0.00388
Ngarg 0.0772246 0.222673 0.142421 0.00388
Sag023 0.0772246 0.222673 0.142421 0.00388
Nmari 0.0772246 0.222673 0.142421 0.00388
Csymb 0.0772246 0.222673 0.142421 0.00388
SagF17 0.0772246 0.222673 0.142421 0.00388
SagJ15 0.0772246 0.222673 0.142421 0.00388
Csubt 0.0772246 0.222673 0.142421 0.00388
CrenYNPFFA 0.0772246 0.222673 0.142421 0.00388
Tpend 0.0772246 0.222673 0.142421 0.00388
Paero 0.0772246 0.222673 0.142421 0.00388
Cmaqu 0.0772246 0.222673 0.142421 0.00388
Smari 0.0772246 0.222673 0.142421 0.00388
Ihosp 0.0772246 0.222673 0.142421 0.00388
Ssolf 0.0772246 0.222673 0.142421 0.00388
Iaggr 0.0772246 0.222673 0.142421 0.00388
Fervi 0.0772246 0.222673 0.142421 0.00388
Hbuty 0.0772246 0.222673 0.142421 0.00388
Apern 0.0772246 0.222673 0.142421 0.00388
Tkoda 0.0505999 0.384385 0.155694 0.0031446
Pfuri 0.0505999 0.384385 0.155694 0.0031446
Mtherm 0.0505999 0.384385 0.155694 0.0031446
Mkand 0.0505999 0.384385 0.155694 0.0031446
Mjann 0.0505999 0.384385 0.155694 0.0031446
Mpalu 0.173259 0.227619 0.0850556 0.0031446
Mmaze 0.173259 0.227619 0.0850556 0.0031446
Mhung 0.173259 0.227619 0.0850556 0.0031446
Hvolc 0.173259 0.227619 0.0850556 0.0031446
Hmari 0.173259 0.227619 0.0850556 0.0031446
Afulg 0.173259 0.227619 0.0850556 0.0031446
TplN05 0.131127 0.353075 0.13366 0.0031446
UnEury2 0.131127 0.353075 0.13366 0.0031446
Mlumi 0.131127 0.353075 0.13366 0.0031446
Thvol 0.131127 0.353075 0.13366 0.0031446
Aboon 0.131127 0.353075 0.13366 0.0031446
SagI15 0.39254 1e-10 1 0.00134425
Macid 0.0615672 0.190926 0.530301 0.00134425
SagK09 0.0429051 0.229294 0.195299 0.00134425
SagN19 0.0429051 0.229294 0.195299 0.00134425
DUSEL3 0.0429051 0.229294 0.195299 0.00134425
AR10 0.0429051 0.229294 0.195299 0.00134425
Nsali 0.323755 0.00815521 0.00412333 0.00134425
Nj743 0.323755 0.00815521 0.00412333 0.00134425
Hredi 0.323755 0.00815521 0.00412333 0.00134425
SagF11 0.0377658 0.186005 0.72754 0.00134425
AR5 0.0377658 0.186005 0.72754 0.00134425
Pacid 0.209474 1e-10 0.317303 0.00134425
Nnst1 0.341427 0.479142 0.00912339 0.00134425
Nequi 0.341427 0.479142 0.00912339 0.00134425
DUSEL4 0.0402951 0.168029 0.114123 0.00134425
AR20 0.0402951 0.168029 0.114123 0.00134425
AR4 0.0402951 0.168029 0.114123 0.00134425
AR15 0.0402951 0.168029 0.114123 0.00134425
AR6 0.0397359 0.244009 0.0334045 0.00134425
SagD05 0.0397359 0.244009 0.0334045 0.00134425
AR1 0.0397359 0.244009 0.0334045 0.00134425
AR13 0.0397359 0.244009 0.0334045 0.00134425
TackA 1e-10 0.885368 0.911933 0.00388
Node_Kcryp_ThaumE09_0 1e-10 0.885368 0.911933 0.00388
TAC 0.0772246 0.222673 0.142421 0.00388
Node_ThaumE09_SagE04_0 0.0772246 0.222673 0.142421 0.00388
Node_SagE04_SagF17_0 0.0772246 0.222673 0.142421 0.00388
Node_SagE04_Ngarg_0 0.0772246 0.222673 0.142421 0.00388
Node_Ngarg_Sag023_0 0.0772246 0.222673 0.142421 0.00388
Node_Sag023_Nmari_0 0.0772246 0.222673 0.142421 0.00388
Node_Nmari_Csymb_0 0.0772246 0.222673 0.142421 0.00388
Node_SagF17_SagJ15_0 0.0772246 0.222673 0.142421 0.00388
Node_SagJ15_Csubt_0 0.0772246 0.222673 0.142421 0.00388
Node_CrenYNPFFA_Smari_0 0.0772246 0.222673 0.142421 0.00388
Node_CrenYNPFFA_Tpend_0 0.0772246 0.222673 0.142421 0.00388
Node_Tpend_Paero_0 0.0772246 0.222673 0.142421 0.00388
Node_Paero_Cmaqu_0 0.0772246 0.222673 0.142421 0.00388
Node_Smari_Ssolf_0 0.0772246 0.222673 0.142421 0.00388
Node_Smari_Ihosp_0 0.0772246 0.222673 0.142421 0.00388
Node_Ssolf_Hbuty_0 0.0772246 0.222673 0.142421 0.00388
Node_Ssolf_Fervi_0 0.0772246 0.222673 0.142421 0.00388
Node_Ssolf_Iaggr_0 0.0772246 0.222673 0.142421 0.00388
Node_Hbuty_Apern_0 0.0772246 0.222673 0.142421 0.00388
Node_Tkoda_SagI15_0 1e-10 0.552965 1 0.338937
Eury 0.0505999 0.384385 0.155694 0.0031446
Node_Tkoda_Pfuri_0 0.0505999 0.384385 0.155694 0.0031446
Node_Mtherm_Mpalu_0 0.0505999 0.384385 0.155694 0.0031446
Node_Mtherm_Mjann_0 0.0505999 0.384385 0.155694 0.0031446
Node_Mtherm_Mkand_0 0.0505999 0.384385 0.155694 0.0031446
HaloThermoplas 0.0505999 0.384385 0.155694 0.0031446
Halobacteriota 0.173259 0.227619 0.0850556 0.0031446
Node_Mpalu_Mhung_0 0.173259 0.227619 0.0850556 0.0031446
Node_Mpalu_Mmaze_0 0.173259 0.227619 0.0850556 0.0031446
Node_Mhung_Hvolc_0 0.173259 0.227619 0.0850556 0.0031446
Node_Hvolc_Hmari_0 0.173259 0.227619 0.0850556 0.0031446
Thermoplasmatota 0.131127 0.353075 0.13366 0.0031446
Node_UnEury2_Mlumi_0 0.131127 0.353075 0.13366 0.0031446
Node_Mlumi_Thvol_0 0.131127 0.353075 0.13366 0.0031446
Node_Thvol_Aboon_0 0.131127 0.353075 0.13366 0.0031446
DPANN 1e-10 1 1 0.00134425
AMD 1e-10 1 1 0.00134425
Node_Macid_SagK09_0 1e-10 1 1 0.00134425
Diapherotrites 0.0429051 0.229294 0.195299 0.00134425
Node_SagN19_DUSEL3_0 0.0429051 0.229294 0.195299 0.00134425
Node_DUSEL3_AR10_0 0.0429051 0.229294 0.195299 0.00134425
Cluster2 1e-10 1 1 0.00134425
Node_Nsali_SagF11_0 1e-10 1 1 0.00134425
Nanohaloarchaeota 0.323755 0.00815521 0.00412333 0.00134425
Node_Nj743_Hredi_0 0.323755 0.00815521 0.00412333 0.00134425
Aenigm 0.0377658 0.186005 0.72754 0.00134425
Node_Pacid_DUSEL4_0 1e-10 1 1 0.00134425
Node_Pacid_Nnst1_0 1e-10 1 1 0.00134425
Nanoarchaeota 0.341427 0.479142 0.00912339 0.00134425
Node_DUSEL4_AR6_0 1e-10 1 1 0.00134425
Woesearchaeota 0.0402951 0.168029 0.114123 0.00134425
Node_DUSEL4_AR20_0 0.0402951 0.168029 0.114123 0.00134425
Node_AR4_AR15_0 0.0402951 0.168029 0.114123 0.00134425
Pacearchaeota 0.0397359 0.244009 0.0334045 0.00134425
Node_SagD05_AR1_0 0.0397359 0.244009 0.0334045 0.00134425
Node_AR1_AR13_0 0.0397359 0.244009 0.0334045 0.00134425
Node_Lokiarch_Tkoda_0 1e-10 0.552965 1 0.338937
