Lokiarch 0.487088 1e-10 0.0359864 0.00673626
Kcryp 0.0451677 1e-10 0.940668 0.00673626
ThaumE09 0.0756518 0.232957 0.15058 0.00673626
SagE04 0.0756518 0.232957 0.15058 0.00673626
Ngarg 0.0756518 0.232957 0.15058 0.00673626
Sag023 0.0756518 0.232957 0.15058 0.00673626
Nmari 0.0756518 0.232957 0.15058 0.00673626
Csymb 0.0756518 0.232957 0.15058 0.00673626
SagF17 0.0756518 0.232957 0.15058 0.00673626
SagJ15 0.0756518 0.232957 0.15058 0.00673626
Csubt 0.0756518 0.232957 0.15058 0.00673626
CrenYNPFFA 0.0756518 0.232957 0.15058 0.00673626
Tpend 0.0756518 0.232957 0.15058 0.00673626
Paero 0.0756518 0.232957 0.15058 0.00673626
Cmaqu 0.0756518 0.232957 0.15058 0.00673626
Smari 0.0756518 0.232957 0.15058 0.00673626
Ihosp 0.0756518 0.232957 0.15058 0.00673626
Ssolf 0.0756518 0.232957 0.15058 0.00673626
Iaggr 0.0756518 0.232957 0.15058 0.00673626
Fervi 0.0756518 0.232957 0.15058 0.00673626
Hbuty 0.0756518 0.232957 0.15058 0.00673626
Apern 0.0756518 0.232957 0.15058 0.00673626
Tkoda 0.0509249 0.392262 0.172317 0.00457012
Pfuri 0.0509249 0.392262 0.172317 0.00457012
Mtherm 0.0509249 0.392262 0.172317 0.00457012
Mkand 0.0509249 0.392262 0.172317 0.00457012
Mjann 0.0509249 0.392262 0.172317 0.00457012
Mpalu 0.172033 0.227512 0.0979489 0.00457012
Mmaze 0.172033 0.227512 0.0979489 0.00457012
Mhung 0.172033 0.227512 0.0979489 0.00457012
Hvolc 0.172033 0.227512 0.0979489 0.00457012
Hmari 0.172033 0.227512 0.0979489 0.00457012
Afulg 0.172033 0.227512 0.0979489 0.00457012
TplN05 0.138213 0.362284 0.173175 0.00457012
UnEury2 0.138213 0.362284 0.173175 0.00457012
Mlumi 0.138213 0.362284 0.173175 0.00457012
Thvol 0.138213 0.362284 0.173175 0.00457012
Aboon 0.138213 0.362284 0.173175 0.00457012
SagI15 0.424143 1e-10 1 0.00212738
Macid 0.0613876 0.114292 0.607433 0.00212738
SagK09 0.043215 0.207919 0.209372 0.00212738
SagN19 0.043215 0.207919 0.209372 0.00212738
DUSEL3 0.043215 0.207919 0.209372 0.00212738
AR10 0.043215 0.207919 0.209372 0.00212738
Nsali 0.310326 0.000384867 0.00245591 0.00212738
Nj743 0.310326 0.000384867 0.00245591 0.00212738
Hredi 0.310326 0.000384867 0.00245591 0.00212738
SagF11 0.0421513 0.141375 0.925152 0.00212738
AR5 0.0421513 0.141375 0.925152 0.00212738
Pacid 0.184603 1e-10 0.196429 0.00212738
Nnst1 0.331337 0.450316 0.00818884 0.00212738
Nequi 0.331337 0.450316 0.00818884 0.00212738
DUSEL4 0.0407939 0.168742 0.109445 0.00212738
AR20 0.0407939 0.168742 0.109445 0.00212738
AR4 0.0407939 0.168742 0.109445 0.00212738
AR15 0.0407939 0.168742 0.109445 0.00212738
AR6 0.0385355 0.224401 0.0376689 0.00212738
SagD05 0.0385355 0.224401 0.0376689 0.00212738
AR1 0.0385355 0.224401 0.0376689 0.00212738
AR13 0.0385355 0.224401 0.0376689 0.00212738
Node_Kcryp_Tkoda_0 0.0121574 1e-10 0.699509 0.00673626
Node_Kcryp_ThaumE09_0 0.0121574 1e-10 0.699509 0.00673626
TAC 0.0756518 0.232957 0.15058 0.00673626
Node_ThaumE09_SagE04_0 0.0756518 0.232957 0.15058 0.00673626
Node_SagE04_SagF17_0 0.0756518 0.232957 0.15058 0.00673626
Node_SagE04_Ngarg_0 0.0756518 0.232957 0.15058 0.00673626
Node_Ngarg_Sag023_0 0.0756518 0.232957 0.15058 0.00673626
Node_Sag023_Nmari_0 0.0756518 0.232957 0.15058 0.00673626
Node_Nmari_Csymb_0 0.0756518 0.232957 0.15058 0.00673626
Node_SagF17_SagJ15_0 0.0756518 0.232957 0.15058 0.00673626
Node_SagJ15_Csubt_0 0.0756518 0.232957 0.15058 0.00673626
Node_CrenYNPFFA_Smari_0 0.0756518 0.232957 0.15058 0.00673626
Node_CrenYNPFFA_Tpend_0 0.0756518 0.232957 0.15058 0.00673626
Node_Tpend_Paero_0 0.0756518 0.232957 0.15058 0.00673626
Node_Paero_Cmaqu_0 0.0756518 0.232957 0.15058 0.00673626
Node_Smari_Ssolf_0 0.0756518 0.232957 0.15058 0.00673626
Node_Smari_Ihosp_0 0.0756518 0.232957 0.15058 0.00673626
Node_Ssolf_Hbuty_0 0.0756518 0.232957 0.15058 0.00673626
Node_Ssolf_Fervi_0 0.0756518 0.232957 0.15058 0.00673626
Node_Ssolf_Iaggr_0 0.0756518 0.232957 0.15058 0.00673626
Node_Hbuty_Apern_0 0.0756518 0.232957 0.15058 0.00673626
TackA 1e-10 0.308353 1 0.470453
Eury 0.0509249 0.392262 0.172317 0.00457012
Node_Tkoda_Pfuri_0 0.0509249 0.392262 0.172317 0.00457012
Node_Mtherm_Mpalu_0 0.0509249 0.392262 0.172317 0.00457012
Node_Mtherm_Mjann_0 0.0509249 0.392262 0.172317 0.00457012
Node_Mtherm_Mkand_0 0.0509249 0.392262 0.172317 0.00457012
HaloThermoplas 0.0509249 0.392262 0.172317 0.00457012
Halobacteriota 0.172033 0.227512 0.0979489 0.00457012
Node_Mpalu_Mhung_0 0.172033 0.227512 0.0979489 0.00457012
Node_Mpalu_Mmaze_0 0.172033 0.227512 0.0979489 0.00457012
Node_Mhung_Hvolc_0 0.172033 0.227512 0.0979489 0.00457012
Node_Hvolc_Hmari_0 0.172033 0.227512 0.0979489 0.00457012
Thermoplasmatota 0.138213 0.362284 0.173175 0.00457012
Node_UnEury2_Mlumi_0 0.138213 0.362284 0.173175 0.00457012
Node_Mlumi_Thvol_0 0.138213 0.362284 0.173175 0.00457012
Node_Thvol_Aboon_0 0.138213 0.362284 0.173175 0.00457012
DPANN 1e-10 1 1 0.00212738
AMD 1e-10 1 1 0.00212738
Node_Macid_SagK09_0 1e-10 1 1 0.00212738
Diapherotrites 0.043215 0.207919 0.209372 0.00212738
Node_SagN19_DUSEL3_0 0.043215 0.207919 0.209372 0.00212738
Node_DUSEL3_AR10_0 0.043215 0.207919 0.209372 0.00212738
Cluster2 1e-10 1 1 0.00212738
Node_Nsali_SagF11_0 1e-10 1 1 0.00212738
Nanohaloarchaeota 0.310326 0.000384867 0.00245591 0.00212738
Node_Nj743_Hredi_0 0.310326 0.000384867 0.00245591 0.00212738
Aenigm 0.0421513 0.141375 0.925152 0.00212738
Node_Pacid_DUSEL4_0 1e-10 1 1 0.00212738
Node_Pacid_Nnst1_0 1e-10 1 1 0.00212738
Nanoarchaeota 0.331337 0.450316 0.00818884 0.00212738
Node_DUSEL4_AR6_0 1e-10 1 1 0.00212738
Woesearchaeota 0.0407939 0.168742 0.109445 0.00212738
Node_DUSEL4_AR20_0 0.0407939 0.168742 0.109445 0.00212738
Node_AR4_AR15_0 0.0407939 0.168742 0.109445 0.00212738
Pacearchaeota 0.0385355 0.224401 0.0376689 0.00212738
Node_SagD05_AR1_0 0.0385355 0.224401 0.0376689 0.00212738
Node_AR1_AR13_0 0.0385355 0.224401 0.0376689 0.00212738
Node_Lokiarch_Kcryp_0 0.0121574 1e-10 0.699509 0.00673626
