SagI15 0.522508 1e-10 1 0.00358137
Macid 0.0598261 1e-10 0.686333 0.00358137
SagK09 0.0427795 0.156835 0.33903 0.00358137
SagN19 0.0427795 0.156835 0.33903 0.00358137
DUSEL3 0.0427795 0.156835 0.33903 0.00358137
AR10 0.0427795 0.156835 0.33903 0.00358137
Lokiarch 0.49653 1e-10 0.0317235 0.00598805
Kcryp 0.0487534 1e-10 1 0.00598805
ThaumE09 0.0755141 0.219907 0.157029 0.00598805
SagE04 0.0755141 0.219907 0.157029 0.00598805
Ngarg 0.0755141 0.219907 0.157029 0.00598805
Sag023 0.0755141 0.219907 0.157029 0.00598805
Nmari 0.0755141 0.219907 0.157029 0.00598805
Csymb 0.0755141 0.219907 0.157029 0.00598805
SagF17 0.0755141 0.219907 0.157029 0.00598805
SagJ15 0.0755141 0.219907 0.157029 0.00598805
Csubt 0.0755141 0.219907 0.157029 0.00598805
CrenYNPFFA 0.0755141 0.219907 0.157029 0.00598805
Tpend 0.0755141 0.219907 0.157029 0.00598805
Paero 0.0755141 0.219907 0.157029 0.00598805
Cmaqu 0.0755141 0.219907 0.157029 0.00598805
Smari 0.0755141 0.219907 0.157029 0.00598805
Ihosp 0.0755141 0.219907 0.157029 0.00598805
Ssolf 0.0755141 0.219907 0.157029 0.00598805
Iaggr 0.0755141 0.219907 0.157029 0.00598805
Fervi 0.0755141 0.219907 0.157029 0.00598805
Hbuty 0.0755141 0.219907 0.157029 0.00598805
Apern 0.0755141 0.219907 0.157029 0.00598805
Tkoda 0.0507464 0.351736 0.211285 0.00587133
Pfuri 0.0507464 0.351736 0.211285 0.00587133
Mtherm 0.0507464 0.351736 0.211285 0.00587133
Mkand 0.0507464 0.351736 0.211285 0.00587133
Mjann 0.0507464 0.351736 0.211285 0.00587133
Mpalu 0.173978 0.225612 0.105022 0.00587133
Mmaze 0.173978 0.225612 0.105022 0.00587133
Mhung 0.173978 0.225612 0.105022 0.00587133
Hvolc 0.173978 0.225612 0.105022 0.00587133
Hmari 0.173978 0.225612 0.105022 0.00587133
Afulg 0.173978 0.225612 0.105022 0.00587133
TplN05 0.139275 0.355116 0.2015 0.00587133
UnEury2 0.139275 0.355116 0.2015 0.00587133
Mlumi 0.139275 0.355116 0.2015 0.00587133
Thvol 0.139275 0.355116 0.2015 0.00587133
Aboon 0.139275 0.355116 0.2015 0.00587133
Nsali 0.312093 1e-10 0.00433193 0.00358137
Nj743 0.312093 1e-10 0.00433193 0.00358137
Hredi 0.312093 1e-10 0.00433193 0.00358137
SagF11 0.0430339 0.106025 1 0.00358137
AR5 0.0430339 0.106025 1 0.00358137
Pacid 0.204754 1e-10 0.433056 0.00358137
Nnst1 0.354418 0.540495 0.019583 0.00358137
Nequi 0.354418 0.540495 0.019583 0.00358137
DUSEL4 0.0430913 0.178359 0.142684 0.00358137
AR20 0.0430913 0.178359 0.142684 0.00358137
AR4 0.0430913 0.178359 0.142684 0.00358137
AR15 0.0430913 0.178359 0.142684 0.00358137
AR6 0.0418077 0.249133 0.0469361 0.00358137
SagD05 0.0418077 0.249133 0.0469361 0.00358137
AR1 0.0418077 0.249133 0.0469361 0.00358137
AR13 0.0418077 0.249133 0.0469361 0.00358137
Node_Macid_Lokiarch_0 1e-10 0.224404 0.248722 0.00358137
Node_Macid_SagK09_0 1e-10 0.224404 0.248722 0.00358137
Diapherotrites 0.0427795 0.156835 0.33903 0.00358137
Node_SagN19_DUSEL3_0 0.0427795 0.156835 0.33903 0.00358137
Node_DUSEL3_AR10_0 0.0427795 0.156835 0.33903 0.00358137
AMD 1e-10 0.224404 0.248722 0.00358137
DPANN 1e-10 0.195282 1 0.402922
TackA 1e-10 1 1 0.00598805
Node_Kcryp_ThaumE09_0 1e-10 1 1 0.00598805
TAC 0.0755141 0.219907 0.157029 0.00598805
Node_ThaumE09_SagE04_0 0.0755141 0.219907 0.157029 0.00598805
Node_SagE04_SagF17_0 0.0755141 0.219907 0.157029 0.00598805
Node_SagE04_Ngarg_0 0.0755141 0.219907 0.157029 0.00598805
Node_Ngarg_Sag023_0 0.0755141 0.219907 0.157029 0.00598805
Node_Sag023_Nmari_0 0.0755141 0.219907 0.157029 0.00598805
Node_Nmari_Csymb_0 0.0755141 0.219907 0.157029 0.00598805
Node_SagF17_SagJ15_0 0.0755141 0.219907 0.157029 0.00598805
Node_SagJ15_Csubt_0 0.0755141 0.219907 0.157029 0.00598805
Node_CrenYNPFFA_Smari_0 0.0755141 0.219907 0.157029 0.00598805
Node_CrenYNPFFA_Tpend_0 0.0755141 0.219907 0.157029 0.00598805
Node_Tpend_Paero_0 0.0755141 0.219907 0.157029 0.00598805
Node_Paero_Cmaqu_0 0.0755141 0.219907 0.157029 0.00598805
Node_Smari_Ssolf_0 0.0755141 0.219907 0.157029 0.00598805
Node_Smari_Ihosp_0 0.0755141 0.219907 0.157029 0.00598805
Node_Ssolf_Hbuty_0 0.0755141 0.219907 0.157029 0.00598805
Node_Ssolf_Fervi_0 0.0755141 0.219907 0.157029 0.00598805
Node_Ssolf_Iaggr_0 0.0755141 0.219907 0.157029 0.00598805
Node_Hbuty_Apern_0 0.0755141 0.219907 0.157029 0.00598805
Eury 0.0507464 0.351736 0.211285 0.00587133
Node_Tkoda_Pfuri_0 0.0507464 0.351736 0.211285 0.00587133
Node_Mtherm_Mpalu_0 0.0507464 0.351736 0.211285 0.00587133
Node_Mtherm_Mjann_0 0.0507464 0.351736 0.211285 0.00587133
Node_Mtherm_Mkand_0 0.0507464 0.351736 0.211285 0.00587133
HaloThermoplas 0.0507464 0.351736 0.211285 0.00587133
Halobacteriota 0.173978 0.225612 0.105022 0.00587133
Node_Mpalu_Mhung_0 0.173978 0.225612 0.105022 0.00587133
Node_Mpalu_Mmaze_0 0.173978 0.225612 0.105022 0.00587133
Node_Mhung_Hvolc_0 0.173978 0.225612 0.105022 0.00587133
Node_Hvolc_Hmari_0 0.173978 0.225612 0.105022 0.00587133
Thermoplasmatota 0.139275 0.355116 0.2015 0.00587133
Node_UnEury2_Mlumi_0 0.139275 0.355116 0.2015 0.00587133
Node_Mlumi_Thvol_0 0.139275 0.355116 0.2015 0.00587133
Node_Thvol_Aboon_0 0.139275 0.355116 0.2015 0.00587133
Cluster2 1e-10 0.224404 0.248722 0.00358137
Node_Nsali_SagF11_0 1e-10 0.224404 0.248722 0.00358137
Nanohaloarchaeota 0.312093 1e-10 0.00433193 0.00358137
Node_Nj743_Hredi_0 0.312093 1e-10 0.00433193 0.00358137
Aenigm 0.0430339 0.106025 1 0.00358137
Node_Pacid_DUSEL4_0 1e-10 0.224404 0.248722 0.00358137
Node_Pacid_Nnst1_0 1e-10 0.224404 0.248722 0.00358137
Nanoarchaeota 0.354418 0.540495 0.019583 0.00358137
Node_DUSEL4_AR6_0 1e-10 0.224404 0.248722 0.00358137
Woesearchaeota 0.0430913 0.178359 0.142684 0.00358137
Node_DUSEL4_AR20_0 0.0430913 0.178359 0.142684 0.00358137
Node_AR4_AR15_0 0.0430913 0.178359 0.142684 0.00358137
Pacearchaeota 0.0418077 0.249133 0.0469361 0.00358137
Node_SagD05_AR1_0 0.0418077 0.249133 0.0469361 0.00358137
Node_AR1_AR13_0 0.0418077 0.249133 0.0469361 0.00358137
Node_SagI15_Macid_0 1e-10 0.224404 0.248722 0.00358137
