Tkoda 0.0494439 0.275317 0.139829 0.00359301
Pfuri 0.0494439 0.275317 0.139829 0.00359301
Mtherm 0.0494439 0.275317 0.139829 0.00359301
Mkand 0.0494439 0.275317 0.139829 0.00359301
Mjann 0.0494439 0.275317 0.139829 0.00359301
Mpalu 0.16955 0.218346 0.0845317 0.00359301
Mmaze 0.16955 0.218346 0.0845317 0.00359301
Mhung 0.16955 0.218346 0.0845317 0.00359301
Hvolc 0.16955 0.218346 0.0845317 0.00359301
Hmari 0.16955 0.218346 0.0845317 0.00359301
Afulg 0.16955 0.218346 0.0845317 0.00359301
TplN05 0.138814 0.346341 0.160131 0.00359301
UnEury2 0.138814 0.346341 0.160131 0.00359301
Mlumi 0.138814 0.346341 0.160131 0.00359301
Thvol 0.138814 0.346341 0.160131 0.00359301
Aboon 0.138814 0.346341 0.160131 0.00359301
Lokiarch 0.471973 1e-10 0.0191969 0.00389148
Kcryp 0.0502634 1e-10 1 0.00389148
ThaumE09 0.0753079 0.223245 0.137804 0.00389148
SagE04 0.0753079 0.223245 0.137804 0.00389148
Ngarg 0.0753079 0.223245 0.137804 0.00389148
Sag023 0.0753079 0.223245 0.137804 0.00389148
Nmari 0.0753079 0.223245 0.137804 0.00389148
Csymb 0.0753079 0.223245 0.137804 0.00389148
SagF17 0.0753079 0.223245 0.137804 0.00389148
SagJ15 0.0753079 0.223245 0.137804 0.00389148
Csubt 0.0753079 0.223245 0.137804 0.00389148
CrenYNPFFA 0.0753079 0.223245 0.137804 0.00389148
Tpend 0.0753079 0.223245 0.137804 0.00389148
Paero 0.0753079 0.223245 0.137804 0.00389148
Cmaqu 0.0753079 0.223245 0.137804 0.00389148
Smari 0.0753079 0.223245 0.137804 0.00389148
Ihosp 0.0753079 0.223245 0.137804 0.00389148
Ssolf 0.0753079 0.223245 0.137804 0.00389148
Iaggr 0.0753079 0.223245 0.137804 0.00389148
Fervi 0.0753079 0.223245 0.137804 0.00389148
Hbuty 0.0753079 0.223245 0.137804 0.00389148
Apern 0.0753079 0.223245 0.137804 0.00389148
SagI15 0.383362 1e-10 1 0.00165842
Macid 0.0624852 0.222041 0.572739 0.00165842
SagK09 0.0427484 0.225651 0.26063 0.00165842
SagN19 0.0427484 0.225651 0.26063 0.00165842
DUSEL3 0.0427484 0.225651 0.26063 0.00165842
AR10 0.0427484 0.225651 0.26063 0.00165842
Nsali 0.31081 1e-10 0.00218441 0.00165842
Nj743 0.31081 1e-10 0.00218441 0.00165842
Hredi 0.31081 1e-10 0.00218441 0.00165842
SagF11 0.0474606 0.174961 0.834183 0.00165842
AR5 0.0474606 0.174961 0.834183 0.00165842
Pacid 0.203835 1e-10 0.333272 0.00165842
Nnst1 0.365162 0.550156 0.0110166 0.00165842
Nequi 0.365162 0.550156 0.0110166 0.00165842
DUSEL4 0.0397982 0.183 0.098441 0.00165842
AR20 0.0397982 0.183 0.098441 0.00165842
AR4 0.0397982 0.183 0.098441 0.00165842
AR15 0.0397982 0.183 0.098441 0.00165842
AR6 0.0374039 0.242939 0.0385397 0.00165842
SagD05 0.0374039 0.242939 0.0385397 0.00165842
AR1 0.0374039 0.242939 0.0385397 0.00165842
AR13 0.0374039 0.242939 0.0385397 0.00165842
Eury 0.0494439 0.275317 0.139829 0.00359301
Node_Tkoda_Pfuri_0 0.0494439 0.275317 0.139829 0.00359301
Node_Mtherm_Mpalu_0 0.0494439 0.275317 0.139829 0.00359301
Node_Mtherm_Mjann_0 0.0494439 0.275317 0.139829 0.00359301
Node_Mtherm_Mkand_0 0.0494439 0.275317 0.139829 0.00359301
HaloThermoplas 0.0494439 0.275317 0.139829 0.00359301
Halobacteriota 0.16955 0.218346 0.0845317 0.00359301
Node_Mpalu_Mhung_0 0.16955 0.218346 0.0845317 0.00359301
Node_Mpalu_Mmaze_0 0.16955 0.218346 0.0845317 0.00359301
Node_Mhung_Hvolc_0 0.16955 0.218346 0.0845317 0.00359301
Node_Hvolc_Hmari_0 0.16955 0.218346 0.0845317 0.00359301
Thermoplasmatota 0.138814 0.346341 0.160131 0.00359301
Node_UnEury2_Mlumi_0 0.138814 0.346341 0.160131 0.00359301
Node_Mlumi_Thvol_0 0.138814 0.346341 0.160131 0.00359301
Node_Thvol_Aboon_0 0.138814 0.346341 0.160131 0.00359301
Node_Lokiarch_SagI15_0 1e-10 0.45101 1 0.324985
TackA 1e-10 1 1 0.00389148
Node_Kcryp_ThaumE09_0 1e-10 1 1 0.00389148
TAC 0.0753079 0.223245 0.137804 0.00389148
Node_ThaumE09_SagE04_0 0.0753079 0.223245 0.137804 0.00389148
Node_SagE04_SagF17_0 0.0753079 0.223245 0.137804 0.00389148
Node_SagE04_Ngarg_0 0.0753079 0.223245 0.137804 0.00389148
Node_Ngarg_Sag023_0 0.0753079 0.223245 0.137804 0.00389148
Node_Sag023_Nmari_0 0.0753079 0.223245 0.137804 0.00389148
Node_Nmari_Csymb_0 0.0753079 0.223245 0.137804 0.00389148
Node_SagF17_SagJ15_0 0.0753079 0.223245 0.137804 0.00389148
Node_SagJ15_Csubt_0 0.0753079 0.223245 0.137804 0.00389148
Node_CrenYNPFFA_Smari_0 0.0753079 0.223245 0.137804 0.00389148
Node_CrenYNPFFA_Tpend_0 0.0753079 0.223245 0.137804 0.00389148
Node_Tpend_Paero_0 0.0753079 0.223245 0.137804 0.00389148
Node_Paero_Cmaqu_0 0.0753079 0.223245 0.137804 0.00389148
Node_Smari_Ssolf_0 0.0753079 0.223245 0.137804 0.00389148
Node_Smari_Ihosp_0 0.0753079 0.223245 0.137804 0.00389148
Node_Ssolf_Hbuty_0 0.0753079 0.223245 0.137804 0.00389148
Node_Ssolf_Fervi_0 0.0753079 0.223245 0.137804 0.00389148
Node_Ssolf_Iaggr_0 0.0753079 0.223245 0.137804 0.00389148
Node_Hbuty_Apern_0 0.0753079 0.223245 0.137804 0.00389148
DPANN 1e-10 1 1 0.00165842
AMD 1e-10 1 1 0.00165842
Node_Macid_SagK09_0 1e-10 1 1 0.00165842
Diapherotrites 0.0427484 0.225651 0.26063 0.00165842
Node_SagN19_DUSEL3_0 0.0427484 0.225651 0.26063 0.00165842
Node_DUSEL3_AR10_0 0.0427484 0.225651 0.26063 0.00165842
Cluster2 1e-10 1 1 0.00165842
Node_Nsali_SagF11_0 1e-10 1 1 0.00165842
Nanohaloarchaeota 0.31081 1e-10 0.00218441 0.00165842
Node_Nj743_Hredi_0 0.31081 1e-10 0.00218441 0.00165842
Aenigm 0.0474606 0.174961 0.834183 0.00165842
Node_Pacid_DUSEL4_0 1e-10 1 1 0.00165842
Node_Pacid_Nnst1_0 1e-10 1 1 0.00165842
Nanoarchaeota 0.365162 0.550156 0.0110166 0.00165842
Node_DUSEL4_AR6_0 1e-10 1 1 0.00165842
Woesearchaeota 0.0397982 0.183 0.098441 0.00165842
Node_DUSEL4_AR20_0 0.0397982 0.183 0.098441 0.00165842
Node_AR4_AR15_0 0.0397982 0.183 0.098441 0.00165842
Pacearchaeota 0.0374039 0.242939 0.0385397 0.00165842
Node_SagD05_AR1_0 0.0374039 0.242939 0.0385397 0.00165842
Node_AR1_AR13_0 0.0374039 0.242939 0.0385397 0.00165842
Node_Tkoda_Lokiarch_0 1e-10 0.45101 1 0.324985
