ThaumE09 0.0766176 0.191762 0.175664 0.00708213
SagE04 0.0766176 0.191762 0.175664 0.00708213
Ngarg 0.0766176 0.191762 0.175664 0.00708213
Sag023 0.0766176 0.191762 0.175664 0.00708213
Nmari 0.0766176 0.191762 0.175664 0.00708213
Csymb 0.0766176 0.191762 0.175664 0.00708213
SagF17 0.0766176 0.191762 0.175664 0.00708213
SagJ15 0.0766176 0.191762 0.175664 0.00708213
Csubt 0.0766176 0.191762 0.175664 0.00708213
CrenYNPFFA 0.0766176 0.191762 0.175664 0.00708213
Tpend 0.0766176 0.191762 0.175664 0.00708213
Paero 0.0766176 0.191762 0.175664 0.00708213
Cmaqu 0.0766176 0.191762 0.175664 0.00708213
Smari 0.0766176 0.191762 0.175664 0.00708213
Ihosp 0.0766176 0.191762 0.175664 0.00708213
Ssolf 0.0766176 0.191762 0.175664 0.00708213
Iaggr 0.0766176 0.191762 0.175664 0.00708213
Fervi 0.0766176 0.191762 0.175664 0.00708213
Hbuty 0.0766176 0.191762 0.175664 0.00708213
Apern 0.0766176 0.191762 0.175664 0.00708213
Kcryp 0.0555223 1e-10 1 0.00708213
Lokiarch 0.474333 1e-10 0.0296425 0.00708213
Tkoda 0.0512263 0.394201 0.16798 0.00414015
Pfuri 0.0512263 0.394201 0.16798 0.00414015
Mtherm 0.0512263 0.394201 0.16798 0.00414015
Mkand 0.0512263 0.394201 0.16798 0.00414015
Mjann 0.0512263 0.394201 0.16798 0.00414015
Mpalu 0.17115 0.22715 0.0911897 0.00414015
Mmaze 0.17115 0.22715 0.0911897 0.00414015
Mhung 0.17115 0.22715 0.0911897 0.00414015
Hvolc 0.17115 0.22715 0.0911897 0.00414015
Hmari 0.17115 0.22715 0.0911897 0.00414015
Afulg 0.17115 0.22715 0.0911897 0.00414015
TplN05 0.139474 0.362225 0.157161 0.00414015
UnEury2 0.139474 0.362225 0.157161 0.00414015
Mlumi 0.139474 0.362225 0.157161 0.00414015
Thvol 0.139474 0.362225 0.157161 0.00414015
Aboon 0.139474 0.362225 0.157161 0.00414015
SagI15 0.410251 1e-10 1 0.00201524
Macid 0.0613567 0.148963 0.615026 0.00201524
SagK09 0.0428354 0.211533 0.185062 0.00201524
SagN19 0.0428354 0.211533 0.185062 0.00201524
DUSEL3 0.0428354 0.211533 0.185062 0.00201524
AR10 0.0428354 0.211533 0.185062 0.00201524
Nsali 0.310141 0.00633419 0.00259145 0.00201524
Nj743 0.310141 0.00633419 0.00259145 0.00201524
Hredi 0.310141 0.00633419 0.00259145 0.00201524
SagF11 0.0441245 0.216254 0.897287 0.00201524
AR5 0.0441245 0.216254 0.897287 0.00201524
Pacid 0.214074 1e-10 0.29987 0.00201524
Nnst1 0.343465 0.47771 0.0107559 0.00201524
Nequi 0.343465 0.47771 0.0107559 0.00201524
DUSEL4 0.0412457 0.172337 0.108853 0.00201524
AR20 0.0412457 0.172337 0.108853 0.00201524
AR4 0.0412457 0.172337 0.108853 0.00201524
AR15 0.0412457 0.172337 0.108853 0.00201524
AR6 0.0392619 0.235355 0.037456 0.00201524
SagD05 0.0392619 0.235355 0.037456 0.00201524
AR1 0.0392619 0.235355 0.037456 0.00201524
AR13 0.0392619 0.235355 0.037456 0.00201524
TAC 0.0766176 0.191762 0.175664 0.00708213
Node_ThaumE09_SagE04_0 0.0766176 0.191762 0.175664 0.00708213
Node_SagE04_SagF17_0 0.0766176 0.191762 0.175664 0.00708213
Node_SagE04_Ngarg_0 0.0766176 0.191762 0.175664 0.00708213
Node_Ngarg_Sag023_0 0.0766176 0.191762 0.175664 0.00708213
Node_Sag023_Nmari_0 0.0766176 0.191762 0.175664 0.00708213
Node_Nmari_Csymb_0 0.0766176 0.191762 0.175664 0.00708213
Node_SagF17_SagJ15_0 0.0766176 0.191762 0.175664 0.00708213
Node_SagJ15_Csubt_0 0.0766176 0.191762 0.175664 0.00708213
Node_CrenYNPFFA_Smari_0 0.0766176 0.191762 0.175664 0.00708213
Node_CrenYNPFFA_Tpend_0 0.0766176 0.191762 0.175664 0.00708213
Node_Tpend_Paero_0 0.0766176 0.191762 0.175664 0.00708213
Node_Paero_Cmaqu_0 0.0766176 0.191762 0.175664 0.00708213
Node_Smari_Ssolf_0 0.0766176 0.191762 0.175664 0.00708213
Node_Smari_Ihosp_0 0.0766176 0.191762 0.175664 0.00708213
Node_Ssolf_Hbuty_0 0.0766176 0.191762 0.175664 0.00708213
Node_Ssolf_Fervi_0 0.0766176 0.191762 0.175664 0.00708213
Node_Ssolf_Iaggr_0 0.0766176 0.191762 0.175664 0.00708213
Node_Hbuty_Apern_0 0.0766176 0.191762 0.175664 0.00708213
Node_Kcryp_Lokiarch_0 0.0416182 0.00246292 0.782185 0.00708213
Node_Lokiarch_Tkoda_0 0.0416182 0.00246292 0.782185 0.00708213
TackA 1e-10 0.420759 1 0.473387
Eury 0.0512263 0.394201 0.16798 0.00414015
Node_Tkoda_Pfuri_0 0.0512263 0.394201 0.16798 0.00414015
Node_Mtherm_Mpalu_0 0.0512263 0.394201 0.16798 0.00414015
Node_Mtherm_Mjann_0 0.0512263 0.394201 0.16798 0.00414015
Node_Mtherm_Mkand_0 0.0512263 0.394201 0.16798 0.00414015
HaloThermoplas 0.0512263 0.394201 0.16798 0.00414015
Halobacteriota 0.17115 0.22715 0.0911897 0.00414015
Node_Mpalu_Mhung_0 0.17115 0.22715 0.0911897 0.00414015
Node_Mpalu_Mmaze_0 0.17115 0.22715 0.0911897 0.00414015
Node_Mhung_Hvolc_0 0.17115 0.22715 0.0911897 0.00414015
Node_Hvolc_Hmari_0 0.17115 0.22715 0.0911897 0.00414015
Thermoplasmatota 0.139474 0.362225 0.157161 0.00414015
Node_UnEury2_Mlumi_0 0.139474 0.362225 0.157161 0.00414015
Node_Mlumi_Thvol_0 0.139474 0.362225 0.157161 0.00414015
Node_Thvol_Aboon_0 0.139474 0.362225 0.157161 0.00414015
DPANN 1e-10 1 1 0.00201524
AMD 1e-10 1 1 0.00201524
Node_Macid_SagK09_0 1e-10 1 1 0.00201524
Diapherotrites 0.0428354 0.211533 0.185062 0.00201524
Node_SagN19_DUSEL3_0 0.0428354 0.211533 0.185062 0.00201524
Node_DUSEL3_AR10_0 0.0428354 0.211533 0.185062 0.00201524
Cluster2 1e-10 1 1 0.00201524
Node_Nsali_SagF11_0 1e-10 1 1 0.00201524
Nanohaloarchaeota 0.310141 0.00633419 0.00259145 0.00201524
Node_Nj743_Hredi_0 0.310141 0.00633419 0.00259145 0.00201524
Aenigm 0.0441245 0.216254 0.897287 0.00201524
Node_Pacid_DUSEL4_0 1e-10 1 1 0.00201524
Node_Pacid_Nnst1_0 1e-10 1 1 0.00201524
Nanoarchaeota 0.343465 0.47771 0.0107559 0.00201524
Node_DUSEL4_AR6_0 1e-10 1 1 0.00201524
Woesearchaeota 0.0412457 0.172337 0.108853 0.00201524
Node_DUSEL4_AR20_0 0.0412457 0.172337 0.108853 0.00201524
Node_AR4_AR15_0 0.0412457 0.172337 0.108853 0.00201524
Pacearchaeota 0.0392619 0.235355 0.037456 0.00201524
Node_SagD05_AR1_0 0.0392619 0.235355 0.037456 0.00201524
Node_AR1_AR13_0 0.0392619 0.235355 0.037456 0.00201524
Node_ThaumE09_Kcryp_0 0.0416182 0.00246292 0.782185 0.00708213
